ID	Cmax	Cpos	Ymax	Ypos	Smax	Spos	Smean	D	isSignal	Dmaxcut	Networks-used
NTX4281	0.114	51	0.108	51	0.113	38	0.100	0.104	N	0.450	SignalP-noTM
NTX13418	0.803	24	0.857	24	0.960	18	0.916	0.889	Y	0.450	SignalP-noTM
NTX14137	0.108	29	0.106	39	0.118	21	0.102	0.104	N	0.450	SignalP-noTM
NTX24145	0.114	28	0.104	70	0.109	61	0.095	0.099	N	0.450	SignalP-noTM
NTX28979	0.613	26	0.643	26	0.870	20	0.660	0.652	Y	0.450	SignalP-noTM
NTX38478	0.117	35	0.107	35	0.139	3	0.099	0.103	N	0.450	SignalP-noTM
NTX41956	0.126	43	0.125	43	0.166	38	0.116	0.120	N	0.450	SignalP-noTM
NTX41957	0.134	41	0.133	41	0.186	35	0.123	0.127	N	0.450	SignalP-noTM
NTX41958	0.130	43	0.128	43	0.167	38	0.118	0.122	N	0.450	SignalP-noTM
NTX41959	0.125	41	0.130	41	0.197	35	0.125	0.127	N	0.450	SignalP-noTM
NTX42998	0.133	23	0.119	23	0.133	2	0.107	0.113	N	0.450	SignalP-noTM
NTX43000	0.172	23	0.139	23	0.159	22	0.112	0.124	N	0.450	SignalP-noTM
NTX49728	0.110	33	0.105	47	0.109	33	0.097	0.101	N	0.450	SignalP-noTM
NTX51254	0.445	39	0.407	39	0.647	37	0.218	0.331	N	0.500	SignalP-TM
NTX56407	0.109	68	0.107	43	0.115	33	0.100	0.103	N	0.450	SignalP-noTM
NTX83486	0.588	29	0.343	29	0.468	3	0.265	0.312	N	0.500	SignalP-TM
NTX83904	0.268	35	0.405	35	0.771	27	0.473	0.432	N	0.500	SignalP-TM
NTX83905	0.284	35	0.403	35	0.729	30	0.463	0.427	N	0.500	SignalP-TM
NTX85997	0.213	54	0.280	54	0.685	47	0.296	0.287	N	0.500	SignalP-TM
NTX91175	0.297	30	0.272	30	0.401	10	0.278	0.274	N	0.500	SignalP-TM
NTX91255	0.131	50	0.112	50	0.123	36	0.094	0.102	N	0.450	SignalP-noTM
NTX94322	0.555	24	0.643	24	0.859	18	0.745	0.698	Y	0.450	SignalP-noTM
NTX98053	0.111	26	0.104	41	0.166	3	0.098	0.101	N	0.450	SignalP-noTM
NTX102642	0.107	45	0.103	61	0.144	42	0.095	0.099	N	0.450	SignalP-noTM
NTX104669	0.678	37	0.629	37	0.860	30	0.437	0.552	Y	0.500	SignalP-TM
NTX112170	0.262	45	0.185	45	0.290	19	0.149	0.171	N	0.500	SignalP-TM
NTX132748	0.110	33	0.103	33	0.108	7	0.095	0.099	N	0.450	SignalP-noTM
NTX132749	0.110	33	0.103	33	0.108	7	0.095	0.099	N	0.450	SignalP-noTM
NTX134676	0.458	35	0.308	35	0.394	30	0.168	0.252	N	0.500	SignalP-TM
NTX134688	0.106	58	0.107	12	0.123	1	0.098	0.102	N	0.450	SignalP-noTM
NTX135011	0.445	23	0.534	23	0.853	15	0.642	0.593	Y	0.450	SignalP-noTM
NTX135801	0.151	27	0.244	11	0.656	7	0.570	0.420	N	0.450	SignalP-noTM
NTX136251	0.667	22	0.690	22	0.764	9	0.713	0.702	Y	0.450	SignalP-noTM
NTX142744	0.109	66	0.104	66	0.118	54	0.095	0.099	N	0.450	SignalP-noTM
NTX144303	0.298	32	0.506	32	0.946	20	0.835	0.684	Y	0.450	SignalP-noTM
NTX148639	0.119	26	0.108	26	0.116	27	0.097	0.102	N	0.450	SignalP-noTM
NTX154016	0.148	60	0.217	60	0.711	50	0.179	0.202	N	0.500	SignalP-TM
NTX163968	0.112	68	0.107	29	0.123	21	0.101	0.104	N	0.450	SignalP-noTM
NTX163969	0.112	68	0.107	29	0.123	21	0.101	0.104	N	0.450	SignalP-noTM
NTX164951	0.108	12	0.108	43	0.120	25	0.100	0.103	N	0.450	SignalP-noTM
NTX173892	0.177	62	0.141	62	0.147	49	0.106	0.122	N	0.450	SignalP-noTM
NTX177486	0.110	38	0.108	38	0.118	3	0.102	0.104	N	0.450	SignalP-noTM
NTX177808	0.335	37	0.281	37	0.520	35	0.153	0.230	N	0.500	SignalP-TM
NTX178644	0.212	23	0.369	23	0.813	20	0.582	0.454	N	0.500	SignalP-TM
NTX178649	0.288	29	0.482	29	0.910	18	0.818	0.663	Y	0.450	SignalP-noTM
NTX181117	0.107	50	0.110	29	0.126	20	0.109	0.110	N	0.450	SignalP-noTM
NTX186740	0.112	57	0.110	40	0.123	35	0.097	0.103	N	0.450	SignalP-noTM
NTX189949	0.113	31	0.104	57	0.115	20	0.096	0.100	N	0.450	SignalP-noTM
NTX201404	0.401	46	0.293	21	0.611	1	0.365	0.321	N	0.500	SignalP-TM
NTX212167	0.109	38	0.103	68	0.111	14	0.096	0.099	N	0.450	SignalP-noTM
NTX213008	0.696	29	0.802	29	0.989	16	0.929	0.871	Y	0.450	SignalP-noTM
NTX213988	0.135	19	0.200	19	0.483	12	0.303	0.256	N	0.450	SignalP-noTM
NTX214579	0.113	41	0.104	70	0.117	12	0.095	0.099	N	0.450	SignalP-noTM
NTX218921	0.267	25	0.266	25	0.455	2	0.280	0.274	N	0.450	SignalP-noTM
NTX223142	0.156	23	0.204	11	0.565	1	0.343	0.259	N	0.500	SignalP-TM
NTX224320	0.161	51	0.167	48	0.233	47	0.129	0.152	N	0.500	SignalP-TM
NTX224662	0.108	43	0.115	11	0.144	1	0.108	0.111	N	0.450	SignalP-noTM
NTX226741	0.109	34	0.122	34	0.183	27	0.131	0.127	N	0.450	SignalP-noTM
NTX227449	0.133	22	0.120	22	0.125	5	0.108	0.113	N	0.450	SignalP-noTM
NTX235909	0.111	23	0.105	40	0.122	22	0.098	0.101	N	0.450	SignalP-noTM
NTX235912	0.109	21	0.105	65	0.120	5	0.098	0.101	N	0.450	SignalP-noTM
NTX248037	0.107	62	0.112	16	0.150	13	0.119	0.116	N	0.450	SignalP-noTM
NTX249700	0.782	24	0.858	24	0.981	15	0.941	0.903	Y	0.450	SignalP-noTM
NTX249702	0.106	67	0.105	67	0.118	22	0.103	0.104	N	0.450	SignalP-noTM
NTX258811	0.107	29	0.122	55	0.226	45	0.119	0.120	N	0.450	SignalP-noTM
NTX260492	0.149	18	0.147	18	0.180	3	0.137	0.141	N	0.450	SignalP-noTM
NTX262119	0.638	27	0.740	27	0.973	15	0.867	0.809	Y	0.450	SignalP-noTM
NTX270040	0.113	22	0.117	11	0.148	4	0.122	0.120	N	0.450	SignalP-noTM
NTX271896	0.386	52	0.142	18	0.263	11	0.175	0.155	N	0.500	SignalP-TM
NTX283712	0.109	41	0.125	12	0.168	1	0.132	0.129	N	0.450	SignalP-noTM
NTX287294	0.116	43	0.116	19	0.142	13	0.113	0.114	N	0.450	SignalP-noTM
NTX305063	0.396	30	0.290	30	0.273	17	0.195	0.252	N	0.500	SignalP-TM
NTX311050	0.112	24	0.108	24	0.128	19	0.104	0.106	N	0.450	SignalP-noTM
NTX311249	0.173	22	0.149	22	0.167	1	0.127	0.137	N	0.450	SignalP-noTM
NTX311250	0.134	22	0.164	22	0.256	1	0.199	0.183	N	0.450	SignalP-noTM
NTX312243	0.155	19	0.266	19	0.668	13	0.439	0.359	N	0.450	SignalP-noTM
NTX315967	0.107	59	0.103	11	0.114	1	0.098	0.101	N	0.450	SignalP-noTM
NTX317140	0.110	58	0.112	13	0.152	2	0.107	0.109	N	0.450	SignalP-noTM
NTX323335	0.125	21	0.128	21	0.174	11	0.132	0.130	N	0.450	SignalP-noTM
NTX324164	0.116	57	0.106	57	0.113	56	0.092	0.099	N	0.450	SignalP-noTM
NTX333875	0.115	23	0.138	11	0.215	1	0.153	0.146	N	0.450	SignalP-noTM
NTX334429	0.124	42	0.144	42	0.245	36	0.141	0.143	N	0.500	SignalP-TM
NTX334555	0.110	34	0.106	34	0.116	23	0.101	0.103	N	0.450	SignalP-noTM
NTX334743	0.107	62	0.103	38	0.113	21	0.095	0.099	N	0.450	SignalP-noTM
NTX335822	0.157	34	0.235	34	0.533	32	0.305	0.263	N	0.500	SignalP-TM
NTX336196	0.113	50	0.110	50	0.145	43	0.104	0.107	N	0.450	SignalP-noTM
NTX352134	0.167	25	0.157	25	0.244	4	0.153	0.155	N	0.450	SignalP-noTM
NTX359850	0.692	32	0.735	32	0.946	18	0.791	0.766	Y	0.450	SignalP-noTM
NTX361043	0.166	16	0.223	16	0.481	14	0.317	0.274	N	0.450	SignalP-noTM
NTX365400	0.638	34	0.460	34	0.424	27	0.311	0.400	N	0.500	SignalP-TM
NTX366384	0.873	32	0.886	32	0.973	20	0.869	0.877	Y	0.450	SignalP-noTM
NTX371729	0.882	25	0.922	25	0.993	15	0.964	0.945	Y	0.450	SignalP-noTM
NTX372159	0.179	19	0.227	19	0.450	1	0.254	0.242	N	0.450	SignalP-noTM
NTX372384	0.108	50	0.106	38	0.122	31	0.100	0.103	N	0.450	SignalP-noTM
NTX373661	0.797	33	0.762	33	0.863	6	0.713	0.735	Y	0.450	SignalP-noTM
NTX374058	0.133	36	0.119	36	0.145	35	0.107	0.112	N	0.450	SignalP-noTM
NTX374059	0.111	64	0.108	55	0.119	2	0.102	0.105	N	0.450	SignalP-noTM
NTX374060	0.110	47	0.107	11	0.139	3	0.108	0.107	N	0.450	SignalP-noTM
NTX374063	0.116	52	0.109	15	0.128	12	0.106	0.107	N	0.450	SignalP-noTM
NTX374064	0.112	46	0.108	46	0.125	6	0.103	0.105	N	0.450	SignalP-noTM
NTX374070	0.112	18	0.117	16	0.143	10	0.121	0.119	N	0.450	SignalP-noTM
NTX378014	0.106	30	0.101	68	0.107	58	0.091	0.096	N	0.450	SignalP-noTM
NTX384939	0.109	56	0.105	46	0.111	28	0.100	0.102	N	0.450	SignalP-noTM
NTX384947	0.109	56	0.105	56	0.112	28	0.100	0.102	N	0.450	SignalP-noTM
NTX385699	0.374	28	0.311	28	0.552	24	0.257	0.282	N	0.450	SignalP-noTM
NTX407408	0.114	63	0.103	70	0.150	62	0.067	0.088	N	0.500	SignalP-TM
NTX413483	0.135	32	0.164	32	0.321	26	0.187	0.173	N	0.500	SignalP-TM
NTX416169	0.283	39	0.244	39	0.350	18	0.188	0.221	N	0.500	SignalP-TM
NTX416183	0.417	47	0.213	47	0.318	3	0.106	0.170	N	0.500	SignalP-TM
NTX423614	0.137	36	0.164	11	0.377	2	0.263	0.203	N	0.500	SignalP-TM
NTX428770	0.468	28	0.597	28	0.920	15	0.763	0.687	Y	0.450	SignalP-noTM
NTX430388	0.494	28	0.595	28	0.918	16	0.745	0.676	Y	0.450	SignalP-noTM
NTX431293	0.108	52	0.105	40	0.121	38	0.096	0.100	N	0.450	SignalP-noTM
NTX434966	0.406	32	0.376	32	0.506	28	0.294	0.343	N	0.500	SignalP-TM
NTX438454	0.112	44	0.106	44	0.113	32	0.097	0.101	N	0.450	SignalP-noTM
NTX444153	0.195	36	0.226	36	0.585	1	0.323	0.265	N	0.500	SignalP-TM
NTX462752	0.550	19	0.665	19	0.880	2	0.817	0.726	Y	0.500	SignalP-TM
NTX465514	0.138	29	0.211	24	0.534	3	0.348	0.285	N	0.450	SignalP-noTM
NTX468692	0.121	28	0.131	28	0.202	16	0.133	0.132	N	0.500	SignalP-TM
NTX479826	0.111	52	0.108	16	0.135	2	0.105	0.107	N	0.450	SignalP-noTM
NTX479827	0.121	22	0.116	22	0.133	11	0.112	0.114	N	0.450	SignalP-noTM
NTX485684	0.110	28	0.100	43	0.106	60	0.090	0.095	N	0.450	SignalP-noTM
NTX485692	0.109	65	0.106	65	0.125	9	0.096	0.101	N	0.450	SignalP-noTM
NTX487637	0.612	20	0.742	20	0.934	11	0.897	0.826	Y	0.450	SignalP-noTM
NTX487647	0.129	18	0.121	18	0.143	42	0.112	0.116	N	0.450	SignalP-noTM
NTX494486	0.107	33	0.104	53	0.131	50	0.095	0.099	N	0.450	SignalP-noTM
NTX496322	0.109	44	0.102	40	0.104	27	0.095	0.098	N	0.450	SignalP-noTM
NTX496567	0.574	22	0.681	22	0.901	14	0.807	0.749	Y	0.450	SignalP-noTM
NTX496574	0.577	22	0.682	22	0.900	14	0.805	0.748	Y	0.450	SignalP-noTM
NTX512262	0.110	36	0.116	12	0.169	4	0.128	0.123	N	0.450	SignalP-noTM
NTX519666	0.116	47	0.110	47	0.139	45	0.101	0.105	N	0.450	SignalP-noTM
NTX523065	0.127	61	0.151	65	0.283	60	0.141	0.147	N	0.500	SignalP-TM
NTX541125	0.165	19	0.122	19	0.115	43	0.091	0.105	N	0.450	SignalP-noTM
NTX546099	0.110	15	0.105	11	0.117	9	0.105	0.105	N	0.450	SignalP-noTM
NTX549633	0.105	30	0.098	30	0.103	29	0.090	0.094	N	0.450	SignalP-noTM
NTX558144	0.179	34	0.159	16	0.352	14	0.243	0.192	N	0.500	SignalP-TM
NTX565257	0.739	34	0.827	34	0.974	15	0.865	0.847	Y	0.450	SignalP-noTM
NTX574605	0.462	59	0.304	59	0.384	54	0.148	0.242	N	0.500	SignalP-TM
NTX577282	0.109	64	0.105	11	0.116	7	0.107	0.106	N	0.450	SignalP-noTM
NTX581382	0.168	31	0.319	18	0.895	17	0.699	0.524	Y	0.450	SignalP-noTM
NTX583217	0.111	60	0.104	60	0.112	52	0.096	0.099	N	0.450	SignalP-noTM
NTX584753	0.270	23	0.325	23	0.644	2	0.466	0.381	N	0.500	SignalP-TM
NTX591828	0.112	65	0.123	12	0.181	1	0.123	0.123	N	0.450	SignalP-noTM
NTX591829	0.212	22	0.162	22	0.194	21	0.123	0.141	N	0.450	SignalP-noTM
NTX592223	0.194	46	0.240	46	0.432	43	0.211	0.228	N	0.500	SignalP-TM
NTX596227	0.621	23	0.713	23	0.974	12	0.818	0.770	Y	0.450	SignalP-noTM
NTX597930	0.118	40	0.108	66	0.122	50	0.099	0.104	N	0.450	SignalP-noTM
NTX602037	0.106	23	0.108	27	0.143	12	0.108	0.108	N	0.450	SignalP-noTM
NTX602038	0.107	35	0.108	27	0.143	12	0.107	0.108	N	0.450	SignalP-noTM
NTX612360	0.112	27	0.104	27	0.111	22	0.095	0.099	N	0.450	SignalP-noTM
NTX624266	0.173	37	0.170	37	0.348	3	0.151	0.163	N	0.500	SignalP-TM
NTX627879	0.811	28	0.868	28	0.974	19	0.913	0.892	Y	0.450	SignalP-noTM
NTX629813	0.467	46	0.431	46	0.592	41	0.285	0.373	N	0.500	SignalP-TM
NTX637329	0.106	57	0.117	11	0.160	3	0.124	0.120	N	0.500	SignalP-TM
NTX644816	0.385	31	0.316	31	0.664	30	0.208	0.273	N	0.500	SignalP-TM
NTX644817	0.335	31	0.296	31	0.598	30	0.221	0.266	N	0.500	SignalP-TM
NTX660903	0.160	22	0.145	22	0.189	2	0.129	0.137	N	0.450	SignalP-noTM
NTX662347	0.109	30	0.113	42	0.138	51	0.107	0.110	N	0.450	SignalP-noTM